TGID,Read Count,Write Count
4084,100,0
2114,60,100
3623,100,64
3874,100,50
3510,85,100
3865,100,47
3623,100,65
3865,100,50
4084,1,100
3219,100,0
3430,100,98
2114,58,100
3510,79,100
2114,62,100
4084,100,1
3219,100,0
4084,0,100
3129,100,51
3047,100,62
2114,62,100
3219,100,0
4084,0,100
3129,100,51
3047,100,52
3219,100,0
4084,0,100
3129,100,52
3047,100,60
2114,62,100
4084,7,100
3219,100,0
4084,0,100
3129,100,51
3047,100,60
4084,0,100
3219,100,0
4084,7,100
4084,0,100
3219,100,0
3129,100,52
2114,63,100
4084,0,100
3219,100,0
2114,62,100
4084,7,100
2114,79,100
4084,0,100
3219,100,0
3129,100,52
4084,0,100
3129,100,53
3047,100,56
3219,100,0
4084,0,100
3129,100,54
3047,100,61
3219,100,0
4084,0,100
3129,100,51
3047,100,59
3219,100,0
2114,63,100
3219,100,0
4084,0,100
3129,100,52
3047,100,60
3219,100,0
4084,0,100
4084,0,100
3129,100,51
3047,100,60
3219,100,0
2114,62,100
4084,0,100
3129,100,52
2114,62,100
3219,100,0
4084,0,100
3219,100,0
4084,0,100
3129,100,50
3047,100,58
3219,100,0
4084,7,100
4084,0,100
3129,100,53
3219,100,0
4084,0,100
4084,7,100
3219,100,0
4084,0,100
3219,100,0
4084,0,100
3129,100,51
3047,100,61
4084,0,100
3219,100,0
2114,76,100
4084,7,100
4084,0,100
3129,100,53
3219,100,0
3047,100,60
4101,100,0
3219,100,0
4101,16,100
4101,100,1
3219,100,0
3129,100,52
4101,0,100
2114,61,100
4101,7,100
3219,100,0
4101,0,100
3129,100,51
3047,100,62
3219,100,0
4101,7,100
4101,0,100
3047,100,64
3129,100,52
3219,100,0
4101,0,100
3129,100,53
3047,100,61
3219,100,0
4101,7,100
4101,0,100
3219,100,0
3129,100,51
4101,0,100
3129,100,57
3219,100,0
4101,7,100
4101,0,100
3047,100,58
3129,100,52
2114,60,100
3219,100,0
4101,0,100
3219,100,0
4101,0,100
4101,0,100
3219,100,0
3047,100,62
4101,0,100
3219,100,0
4101,0,100
3219,100,0
4101,0,100
3047,100,61
3129,100,51
2114,62,100
3219,100,0
4101,0,100
3129,100,52
3047,100,64
3219,100,0
4101,7,100
2114,71,100
4101,0,100
2114,81,100
3219,100,0
4101,0,100
4101,0,100
3219,100,0
4101,0,100
3219,100,0
4101,7,100
4101,0,100
3219,100,0
4101,0,100
2114,61,100
3219,100,0
4101,0,100
3219,100,0
4101,0,100
3047,100,59
2114,63,100
4101,7,100
3219,100,0
4101,0,100
3047,100,64
4101,0,100
3219,100,0
4101,0,100
3219,100,0
4101,0,100
3219,100,0
4101,7,100
4101,0,100
3047,100,65
2114,83,100
