1us,4us,16us,64us,256us,1ms,4ms,4ms+
0,0,0,0,0,0,0,0
0,0,0,0,0,1,1,0
0,0,0,0,0,1,1,0
0,0,0,0,3,22,3,4
0,0,0,0,3,22,3,4
0,0,0,0,3,23,4,4
0,0,0,0,3,23,4,4
0,0,0,0,3,24,5,5
0,0,0,0,3,24,5,5
0,0,0,0,3,25,6,5
0,0,0,0,3,25,6,5
0,0,0,0,3,25,6,5
0,0,0,0,3,25,6,5
0,0,0,0,4,26,9,5
0,0,0,0,4,26,9,5
0,0,0,0,4,26,9,5
0,0,0,0,4,26,9,5
0,0,0,0,4,26,11,5
0,0,0,0,4,26,11,5
0,0,0,0,4,26,11,5
0,0,0,0,4,26,11,5
0,0,0,0,4,28,11,5
0,0,0,0,4,28,11,5
0,0,0,0,4,28,11,5
0,0,0,0,4,28,11,5
0,0,0,0,4,29,14,5
0,0,0,0,4,29,14,5
0,0,0,0,4,29,14,5
0,0,0,0,4,29,14,5
0,0,0,0,4,29,15,5
0,0,0,0,4,29,16,5
0,0,0,0,4,29,16,5
0,0,0,0,4,29,16,5
0,0,0,0,4,30,16,5
0,0,0,0,4,32,16,5
0,0,0,0,4,32,16,5
0,0,0,0,4,32,16,5
0,0,0,0,4,33,17,5
0,0,0,0,4,33,19,5
0,0,0,0,4,33,19,5
0,0,0,0,4,33,19,5
0,0,0,0,4,33,19,5
0,0,0,0,4,34,20,5
0,0,0,0,4,34,20,5
0,0,0,0,5,36,20,6
0,0,0,0,5,36,20,6
0,0,0,0,5,38,20,6
0,0,0,0,5,38,20,6
0,0,0,0,5,38,20,6
0,0,0,0,5,39,21,6
0,0,0,0,5,39,21,6
0,0,0,0,5,39,21,6
0,0,0,0,5,39,21,6
0,0,0,0,5,39,21,6
0,0,0,0,5,41,21,6
0,0,0,0,5,41,21,6
0,0,0,0,5,41,21,6
0,0,0,0,5,41,21,6
0,0,0,0,5,43,22,6
0,0,0,0,5,43,22,6
0,0,0,0,5,43,22,6
0,0,0,0,5,43,22,6
0,0,0,0,5,44,23,6
0,0,0,0,5,44,23,6
0,0,0,3,6,45,23,6
0,0,0,3,6,47,23,6
0,0,0,3,6,48,24,6
0,0,0,3,6,48,24,6
0,0,0,3,6,48,24,6
0,0,0,3,6,48,24,6
0,0,0,3,6,49,25,6
0,0,0,3,6,49,25,6
0,0,0,3,6,49,25,6
0,0,0,3,6,49,25,6
0,0,0,3,6,50,25,6
0,0,0,3,6,51,25,6
0,0,0,3,6,52,26,6
0,0,0,3,6,53,26,6
0,0,0,3,6,53,26,6
0,0,0,3,6,53,28,6
0,0,0,3,6,53,28,6
0,0,0,3,6,53,28,6
0,0,0,3,6,53,28,6
0,0,0,3,6,54,29,6
0,0,0,3,6,57,29,6
0,0,0,3,6,57,29,6
0,0,0,3,6,57,29,6
0,0,0,3,6,59,29,6
0,0,0,3,6,59,29,6
0,0,0,3,6,59,29,6
0,0,0,3,6,59,30,6
0,0,0,3,6,61,30,6
0,0,0,3,6,62,30,6
0,0,0,3,6,62,30,6
0,0,0,0,0,1,1,0
0,0,0,0,0,1,1,0
0,0,0,0,0,1,1,0
0,0,0,0,0,1,2,0
0,0,0,0,0,3,2,0
0,0,0,0,0,3,2,0
0,0,0,0,0,3,2,0
0,0,0,0,0,3,2,0
0,0,0,0,0,6,4,0
0,0,0,0,0,6,4,0
0,0,0,0,0,6,4,0
0,0,0,0,0,6,4,0
0,0,0,0,0,7,5,0
0,0,0,0,0,8,5,0
0,0,0,0,0,8,5,0
0,0,0,0,0,8,5,0
0,0,0,0,0,10,5,0
0,0,0,0,0,11,5,0
0,0,0,0,0,12,6,0
0,0,0,0,0,12,6,0
0,0,0,0,0,13,7,0
0,0,0,0,0,14,9,1
0,0,0,0,0,14,9,1
0,0,0,0,0,14,9,1
0,0,0,0,0,15,10,1
0,0,0,0,0,15,10,1
0,0,0,0,0,15,10,1
0,0,0,0,0,15,10,1
0,0,0,0,0,15,11,1
0,0,0,0,0,16,11,1
0,0,0,0,0,16,11,1
0,0,0,0,0,16,11,1
0,0,0,0,0,18,12,1
0,0,0,0,0,19,13,1
0,0,0,0,0,19,13,1
0,0,0,0,0,19,13,1
0,0,0,0,0,19,13,1
0,0,0,0,0,21,13,1
0,0,0,0,0,21,13,1
0,0,0,0,0,21,13,1
0,0,0,0,0,21,13,1
0,0,0,0,0,23,13,1
0,0,0,0,0,25,13,1
0,0,0,0,0,26,13,1
0,0,0,0,0,26,13,1
0,0,0,0,0,28,13,1
0,0,0,0,0,28,13,2
0,0,0,0,0,28,13,2
0,0,0,0,0,28,13,2
0,0,0,0,0,30,13,2
0,0,0,0,0,30,13,2
0,0,0,0,0,30,13,2
0,0,0,0,0,31,14,2
0,0,0,0,0,32,15,2
0,0,0,0,0,32,15,2
0,0,0,0,0,33,15,2
0,0,0,0,0,33,17,2
0,0,0,0,0,33,17,2
0,0,0,0,0,33,17,2
0,0,0,0,0,33,17,2
0,0,0,0,0,34,18,2
0,0,0,0,0,34,18,2
0,0,0,0,0,34,18,2
0,0,0,0,2,34,18,2
0,0,0,0,2,37,19,2
0,0,0,0,2,37,19,2
0,0,0,0,2,38,19,2
0,0,0,0,2,39,20,2
0,0,0,0,2,39,20,2
0,0,0,0,2,39,20,2
0,0,0,0,2,39,20,2
0,0,0,0,2,39,20,2
0,0,0,0,2,40,22,2
0,0,0,0,2,40,22,2
0,0,0,0,2,42,22,2
0,0,0,0,2,42,22,2
0,0,0,0,2,44,22,2
0,0,0,0,2,45,22,2
0,0,0,0,2,45,22,2
0,0,0,0,2,45,22,2
0,0,0,0,2,46,23,2
0,0,0,0,2,46,23,2
0,0,0,0,2,46,23,2
0,0,0,0,2,46,23,2
0,0,0,0,2,48,24,2
0,0,0,0,2,49,24,2
0,0,0,0,2,49,24,2
0,0,0,0,2,49,24,2
0,0,0,0,2,52,24,2
0,0,0,0,2,52,24,2
0,0,0,0,2,52,24,2
0,0,0,0,2,52,24,2
0,0,0,0,2,54,24,2
0,0,0,0,2,54,24,2
0,0,0,0,2,54,24,2
0,0,0,0,2,56,24,2
0,0,0,0,2,58,24,2
0,0,0,0,2,58,24,2
0,0,0,0,2,58,24,2
0,0,0,0,2,58,24,2
0,0,0,0,2,60,24,2
0,0,0,3,3,61,24,2
0,0,0,3,3,61,24,2
0,0,0,3,3,61,24,2
