TGID,Kmem Count,Vmem Count,Slab Count
3510,2,1000,15
3874,258,253,1000
3623,679,1000,781
3865,461,933,1000
3430,437,1000,464
4084,1000,13,126
3219,125,0,1000
4089,10,138,1000
3467,1000,64,408
4084,1000,0,0
3430,35,1000,32
3467,1000,82,281
2114,1000,216,224
4084,0,1000,0
3219,125,0,1000
4084,0,1000,0
2114,49,1000,11
3430,0,1000,10
4084,1000,0,0
3219,125,0,1000
4084,1000,0,37
4084,1000,0,0
3219,125,0,1000
4084,1000,0,37
3219,125,0,1000
4084,1000,1,124
4084,1000,0,0
3219,125,0,1000
3430,15,1000,44
4084,1000,0,37
3219,125,0,1000
3430,16,1000,85
4084,1000,1,125
4084,1000,0,0
3430,3,1000,61
3219,125,0,1000
4084,1000,0,37
3430,0,1000,10
3219,125,0,1000
4084,1000,1,127
4084,1000,0,0
4084,1000,0,37
3219,125,0,1000
4084,1000,0,0
3430,0,1000,35
3219,125,0,1000
4084,1000,0,37
4084,1000,0,0
3219,125,0,1000
4084,1000,0,37
3430,0,1000,10
4084,1000,0,0
3219,125,0,1000
4084,1000,0,0
4084,1000,0,0
3219,125,0,1000
4084,1000,0,37
3219,125,0,1000
4084,1000,1,124
4084,1000,0,0
4084,1000,0,37
3219,125,0,1000
4084,1000,1,127
4084,1000,0,0
3219,125,0,1000
4084,1000,0,0
4084,1000,0,37
3219,125,0,1000
4084,1000,1,124
3219,125,0,1000
4084,1000,0,0
4084,1000,0,37
3219,125,0,1000
4084,1000,1,127
4084,1000,0,0
4092,30,328,1000
3219,125,0,1000
4084,1000,0,37
3219,125,0,1000
4084,1000,0,107
4084,1000,0,0
3219,125,0,1000
4084,1000,0,37
4101,1000,464,33
3219,125,0,1000
4101,0,1000,0
3172,30,1000,0
579,314,0,1000
4101,1000,0,0
3219,125,0,1000
4101,3,1000,17
4101,1000,0,37
3219,125,0,1000
4101,1000,0,0
3219,125,0,1000
3430,15,1000,8
4101,1000,0,37
4101,1000,1,128
3219,125,0,1000
4101,1000,0,0
3219,125,0,1000
4101,1000,2,148
4101,1000,0,0
3219,125,0,1000
4101,1000,0,123
4101,1000,0,0
4101,1000,0,37
3219,125,0,1000
4101,1000,1,129
3219,125,0,1000
4101,1000,0,0
4101,1000,0,37
3219,125,0,1000
4101,1000,1,112
4101,1000,0,0
3219,125,0,1000
4101,1000,0,37
3219,125,0,1000
4101,1000,1,128
4101,1000,0,0
4101,1000,0,37
3219,125,0,1000
4101,1000,1,127
3219,125,0,1000
4101,1000,0,0
4101,1000,0,127
3219,125,0,1000
4101,1000,0,0
2114,1000,181,153
4101,1000,0,37
3219,125,0,1000
4101,1000,1,129
4101,1000,0,0
3219,125,0,1000
4101,1000,0,37
4101,1000,0,0
3219,125,0,1000
4101,1000,0,37
3219,125,0,1000
4101,1000,1,133
4101,1000,0,0
4101,1000,0,37
3219,125,0,1000
4101,1000,2,134
4101,1000,0,0
3219,125,0,1000
4101,1000,0,126
4101,1000,0,0
3219,125,0,1000
4101,1000,0,37
3219,125,0,1000
4101,1000,1,137
4101,1000,0,0
3219,125,0,1000
4101,1000,0,37
3219,125,0,1000
4101,1000,1,130
4101,1000,0,0
4101,1000,0,37
4107,41,334,1000
2114,1000,218,262
3219,125,0,1000
1,629,7,1000
4113,41,203,1000
4101,1000,0,0
4113,59,9,1000
2114,1000,169,147
4101,1000,0,0
4107,422,705,1000
3219,125,1,1000
2114,1000,231,178
