TGID,Kids Length,Total Percent
12575,1,30.000000
3863,1,23.000000
3863,1,23.000000
3863,1,23.000000
3863,1,23.000000
3863,1,23.000000
3863,1,23.000000
3863,1,23.000000
3863,1,23.000000
3863,1,23.000000
3863,1,23.000000
3863,1,23.000000
3863,1,23.000000
3863,1,23.000000
3863,1,23.000000
3863,1,23.000000
3863,1,23.000000
12575,1,30.000000
3863,1,23.000000
3863,1,23.000000
3863,1,23.000000
6478,1,37.000000
6478,1,37.000000
6478,1,37.000000
6478,1,37.000000
6478,1,37.000000
6478,1,37.000000
6478,1,37.000000
6478,1,37.000000
6478,1,37.000000
6478,1,37.000000
6478,1,37.000000
6478,1,37.000000
6478,1,37.000000
40941,1,101.000000
40946,1,101.000000
40947,1,185.000000
40943,1,360.000000
40948,1,113.000000
40947,1,12.000000
40942,1,41.000000
40944,1,49.000000
40941,1,50.000000
40939,1,44.000000
40943,1,255.000000
40946,1,262.000000
40945,1,266.000000
39458,1,70.000000
40946,1,115.000000
40945,1,710.000000
40947,1,52.000000
40943,1,59.000000
40948,1,115.000000
40944,1,255.000000
40942,1,383.000000
40941,1,716.000000
40947,1,12.000000
40942,1,12.000000
40947,1,13.000000
40945,1,115.000000
40941,1,115.000000
40944,1,12.000000
40942,1,393.000000
40945,1,716.000000
40947,1,114.000000
40947,1,12.000000
40941,1,716.000000
40945,1,51.000000
40941,1,51.000000
40947,1,51.000000
40944,1,41.000000
40948,1,878.000000
40942,1,17.000000
40945,1,255.000000
40947,1,382.000000
40942,1,115.000000
40947,1,13.000000
40941,1,716.000000
40941,1,715.000000
40948,1,114.000000
40947,1,12.000000
40943,1,12.000000
40946,1,12.000000
40945,1,12.000000
5008,44,21.000000
40942,1,50.000000
40944,1,703.000000
5008,57,0.000000
40941,1,10.000000
40944,1,11.000000
40942,1,23.000000
40948,1,87.000000
40947,1,22.000000
40945,1,16.000000
40946,1,14.000000
5008,72,0.000000
40943,1,672.000000
40965,1,10.000000
40947,1,12.000000
40942,1,537.000000
40944,1,537.000000
40941,1,715.000000
5008,72,0.000000
40945,1,48.000000
40946,1,19.000000
40947,1,255.000000
40948,1,115.000000
40942,1,115.000000
40946,1,12.000000
40947,1,50.000000
40944,1,116.000000
40945,1,14.000000
40941,1,263.000000
40944,1,691.000000
40947,1,12.000000
40942,1,117.000000
723,16,0.000000
40946,1,115.000000
40941,1,715.000000
40944,1,385.000000
40947,1,256.000000
40946,1,12.000000
40947,1,12.000000
40942,1,116.000000
40942,1,820.000000
40947,1,52.000000
40946,1,50.000000
5008,72,75.000000
40941,1,536.000000
40947,1,114.000000
5008,72,36.000000
40947,1,114.000000
40946,1,40.000000
40941,1,295.000000
40948,1,880.000000
40942,1,102.000000
40947,1,255.000000
40941,1,716.000000
40947,1,533.000000
40944,1,46.000000
40947,1,12.000000
40942,1,718.000000
40944,1,537.000000
2121,20,0.000000
10455,1,10.000000
10454,1,40.000000
10456,1,34.000000
10452,1,42.000000
10448,1,47.000000
10450,1,106.000000
10449,1,102.000000
10453,1,183.000000
2121,21,22.000000
2121,21,22.000000
2121,21,22.000000
10453,1,12.000000
10436,1,12.000000
2121,21,0.000000
10456,1,413.000000
10453,1,51.000000
10436,1,54.000000
10456,1,12.000000
10454,1,12.000000
2121,21,0.000000
10451,1,255.000000
10448,1,106.000000
10447,1,255.000000
10452,1,43.000000
10450,1,256.000000
10455,1,11.000000
10449,1,115.000000
10453,1,15.000000
2121,21,0.000000
10456,1,251.000000
10453,1,104.000000
2121,21,0.000000
10448,1,716.000000
10455,1,15.000000
10452,1,537.000000
10454,1,537.000000
10449,1,715.000000
10450,1,255.000000
10453,1,93.000000
2121,21,0.000000
10456,1,680.000000
10447,1,880.000000
10452,1,266.000000
10448,1,287.000000
10451,1,41.000000
10456,1,115.000000
10453,1,19.000000
2121,22,0.000000
2121,22,0.000000
2121,22,0.000000
2121,22,0.000000
10450,1,363.000000
10454,1,272.000000
10449,1,368.000000
10447,1,256.000000
10455,1,654.000000
2121,22,0.000000
10456,1,12.000000
10453,1,505.000000
10449,1,12.000000
10453,1,105.000000
2121,22,0.000000
10453,1,49.000000
2121,22,0.000000
2121,22,0.000000
10453,1,14.000000
2121,22,0.000000
10452,1,10.000000
10451,1,256.000000
10449,1,256.000000
2121,22,0.000000
10453,1,404.000000
10449,1,115.000000
10453,1,93.000000
2121,22,0.000000
10454,1,111.000000
10453,1,41.000000
2121,22,0.000000
2121,22,0.000000
10456,1,297.000000
10451,1,14.000000
10449,1,58.000000
10453,1,45.000000
2121,22,0.000000
2121,22,0.000000
10448,1,170.000000
10452,1,374.000000
10450,1,402.000000
2121,22,0.000000
10449,1,254.000000
10453,1,366.000000
10455,1,19.000000
2121,22,0.000000
2121,22,0.000000
10453,1,12.000000
2121,22,0.000000
10453,1,12.000000
2121,22,0.000000
10449,1,114.000000
10453,1,185.000000
2121,22,0.000000
10453,1,12.000000
10449,1,50.000000
10456,1,53.000000
2121,22,0.000000
10449,1,47.000000
10453,1,54.000000
2121,22,0.000000
10453,1,10.000000
10449,1,45.000000
10451,1,41.000000
2121,22,0.000000
10450,1,363.000000
10452,1,278.000000
10455,1,299.000000
10453,1,12.000000
2121,22,0.000000
10449,1,41.000000
10453,1,13.000000
2121,22,0.000000
10454,1,12.000000
2121,22,0.000000
10453,1,16.000000
10451,1,12.000000
10454,1,526.000000
2121,22,0.000000
10449,1,114.000000
10453,1,254.000000
2121,22,0.000000
10449,1,51.000000
10453,1,51.000000
10454,1,537.000000
2121,22,0.000000
10452,1,14.000000
10449,1,15.000000
10454,1,51.000000
10453,1,390.000000
10449,1,55.000000
10450,1,51.000000
10451,1,14.000000
10453,1,10.000000
2121,22,83.000000
10454,1,193.000000
10452,1,374.000000
10453,1,10.000000
2121,22,0.000000
10449,1,821.000000
10450,1,12.000000
10453,1,90.000000
2121,22,0.000000
2121,22,0.000000
2121,22,0.000000
10454,1,51.000000
10447,1,711.000000
2121,22,0.000000
10449,1,884.000000
10453,1,288.000000
10454,1,12.000000
10451,1,12.000000
10453,1,43.000000
2121,22,0.000000
10449,1,841.000000
10453,1,10.000000
2121,22,0.000000
10449,1,114.000000
2121,22,0.000000
10453,1,116.000000
10454,1,536.000000
10453,1,11.000000
10454,1,115.000000
2121,22,0.000000
10451,1,50.000000
10453,1,16.000000
2121,22,0.000000
10452,1,278.000000
10449,1,363.000000
10454,1,833.000000
2121,22,0.000000
10451,1,403.000000
10453,1,490.000000
10449,1,115.000000
10453,1,101.000000
2121,22,0.000000
10454,1,12.000000
2121,22,0.000000
10453,1,371.000000
10451,1,382.000000
10453,1,47.000000
10454,1,524.000000
2121,22,0.000000
10456,1,12.000000
2121,22,0.000000
10449,1,716.000000
10453,1,385.000000
10454,1,51.000000
2121,22,0.000000
10449,1,383.000000
10453,1,51.000000
10454,1,12.000000
10451,1,11.000000
10453,1,51.000000
2121,22,51.000000
2121,22,53.000000
10450,1,114.000000
10456,1,253.000000
2121,22,0.000000
10449,1,402.000000
10452,1,374.000000
10453,1,96.000000
2121,22,0.000000
10451,1,14.000000
10449,1,115.000000
10453,1,58.000000
10454,1,291.000000
2121,22,0.000000
10449,1,12.000000
10453,1,54.000000
10454,1,115.000000
2121,22,0.000000
2121,22,0.000000
10451,1,537.000000
10453,1,11.000000
10451,1,12.000000
2121,22,0.000000
2121,22,0.000000
10454,1,12.000000
10456,1,12.000000
10453,1,15.000000
2121,22,0.000000
10449,1,115.000000
10451,1,115.000000
10453,1,168.000000
2121,22,0.000000
10454,1,537.000000
10449,1,51.000000
10454,1,51.000000
10453,1,107.000000
10450,1,829.000000
2121,22,0.000000
2121,22,0.000000
2121,22,0.000000
10451,1,17.000000
10454,1,10.000000
10449,1,364.000000
10452,1,279.000000
10456,1,285.000000
2121,22,0.000000
10454,1,12.000000
2121,22,0.000000
2121,22,0.000000
10451,1,383.000000
10449,1,115.000000
10454,1,13.000000
2121,22,0.000000
10449,1,114.000000
10454,1,55.000000
10450,1,558.000000
2121,22,0.000000
10451,1,12.000000
10454,1,57.000000
2121,22,0.000000
10449,1,11.000000
10452,1,12.000000
10453,1,10.000000
10454,1,91.000000
2121,22,0.000000
2121,22,0.000000
2121,22,0.000000
10591,1,0.000000
2121,17,0.000000
10589,1,408.000000
10586,1,680.000000
2121,20,0.000000
2121,20,0.000000
10589,1,55.000000
10590,1,286.000000
10591,1,95.000000
2121,20,0.000000
10590,1,12.000000
10568,1,660.000000
10591,1,170.000000
2121,21,0.000000
10587,1,16.000000
10588,1,51.000000
10586,1,53.000000
10589,1,261.000000
10590,1,12.000000
2121,21,0.000000
10589,1,12.000000
10590,1,12.000000
10588,1,659.000000
2121,21,11.000000
10591,1,18.000000
10588,1,51.000000
10587,1,94.000000
2121,21,0.000000
10586,1,407.000000
10590,1,889.000000
2121,21,0.000000
10590,1,11.000000
10591,1,537.000000
10587,1,51.000000
10589,1,166.000000
2121,21,0.000000
10588,1,716.000000
10590,1,270.000000
10589,1,51.000000
2121,21,0.000000
10590,1,113.000000
10591,1,114.000000
10588,1,197.000000
2121,21,0.000000
2121,21,0.000000
10588,1,10.000000
10590,1,640.000000
10591,1,108.000000
10589,1,11.000000
2121,21,0.000000
10587,1,166.000000
10586,1,175.000000
10590,1,160.000000
2121,21,0.000000
10588,1,14.000000
10589,1,492.000000
2121,21,0.000000
10589,1,102.000000
10591,1,115.000000
2121,17,0.000000
2121,17,0.000000
2121,18,0.000000
2121,18,0.000000
2121,18,0.000000
10658,1,41.000000
2121,18,0.000000
2121,18,0.000000
2121,18,0.000000
2121,18,0.000000
2121,19,0.000000
2121,19,0.000000
2121,19,0.000000
2121,19,0.000000
2121,19,0.000000
2121,19,0.000000
2121,19,0.000000
2121,19,0.000000
2121,19,0.000000
2121,19,0.000000
2121,19,0.000000
2121,19,0.000000
2121,19,0.000000
2121,19,0.000000
2121,19,96.000000
2121,19,106.000000
2121,19,0.000000
2121,19,0.000000
2121,19,0.000000
2121,19,0.000000
2121,19,0.000000
2121,19,0.000000
2121,19,0.000000
3333,11,13.000000
10658,1,100.000000
2121,19,0.000000
2121,19,0.000000
2121,19,0.000000
2121,19,0.000000
2121,19,0.000000
2121,19,0.000000
2121,19,0.000000
2121,19,0.000000
2121,19,0.000000
2121,19,0.000000
2121,19,0.000000
2121,19,0.000000
2121,19,0.000000
2121,19,0.000000
2121,19,0.000000
2121,19,0.000000
2121,19,0.000000
2121,19,0.000000
2121,19,0.000000
2121,19,0.000000
2121,19,0.000000
2121,19,0.000000
2121,19,0.000000
2121,19,0.000000
2121,19,0.000000
2121,19,0.000000
2121,19,0.000000
2121,19,108.000000
2121,19,0.000000
2121,19,0.000000
2121,19,0.000000
2121,19,0.000000
2121,19,0.000000
2121,19,0.000000
3333,11,90.000000
2121,19,0.000000
2121,19,0.000000
2121,19,0.000000
2121,19,0.000000
2121,19,0.000000
2121,19,60.000000
2121,19,0.000000
2121,19,0.000000
2121,19,0.000000
2121,19,0.000000
2121,19,0.000000
2121,19,0.000000
2121,19,0.000000
2121,1,0.000000
2121,1,0.000000
2121,1,0.000000
2121,1,0.000000
2121,3,0.000000
