1us,4us,16us,64us,256us,1ms,4ms,4ms+
0,145,439,1206,64,73,96,212
1,229,794,2531,469,151,153,363
1,256,902,2785,770,249,208,610
1,259,924,2805,793,286,235,968
1,262,937,2833,813,329,294,1347
1,267,959,2870,876,376,325,1737
1,269,995,2892,911,428,337,2185
1,273,1017,2922,932,490,369,2635
1,275,1038,2934,942,499,374,3063
1,275,1057,2960,960,552,410,3512
1,284,1132,3020,1021,608,438,3955
1,287,1156,3042,1043,646,464,4420
1,287,1174,3081,1070,687,483,4873
1,289,1196,3098,1095,741,502,5320
1,294,1207,3117,1118,751,506,5745
1,294,1220,3143,1140,808,522,6194
1,296,1244,3175,1185,853,534,6660
1,303,1284,3219,1232,921,559,7083
1,304,1295,3244,1246,976,575,7535
1,308,1306,3265,1283,1012,603,7950
1,311,1312,3289,1293,1035,630,8360
1,311,1329,3317,1334,1095,663,8777
1,320,1391,3382,1371,1166,689,9237
1,323,1412,3405,1395,1212,715,9662
1,332,1450,3442,1450,1253,765,10107
1,334,1460,3452,1458,1279,773,10511
1,336,1472,3475,1473,1293,803,10951
1,337,1490,3493,1496,1319,844,11357
1,339,1503,3504,1508,1363,863,11788
1,343,1515,3538,1527,1408,900,12200
1,343,1522,3552,1546,1438,913,12627
1,350,1552,3586,1579,1455,934,13025
1,352,1567,3624,1592,1514,964,13490
1,352,1575,3635,1610,1544,974,13903
1,360,1624,3693,1673,1612,1001,14338
1,362,1638,3706,1691,1640,1017,14764
1,371,1681,3756,1741,1696,1042,15175
1,371,1688,3770,1763,1711,1057,15597
1,373,1706,3786,1780,1732,1084,16017
1,376,1726,3816,1808,1796,1114,16457
1,376,1742,3827,1827,1833,1139,16880
1,390,1784,3887,1881,1894,1171,17321
1,393,1799,3906,1896,1924,1184,17745
1,395,1810,3917,1906,1926,1194,18160
5,412,1859,3986,1971,1985,1232,18586
5,414,1877,3996,1991,2014,1252,19014
5,417,1887,4029,2013,2061,1269,19426
5,417,1893,4034,2019,2069,1278,19844
5,419,1911,4047,2027,2096,1292,20264
5,422,1922,4059,2038,2103,1308,20686
5,425,1948,4090,2086,2179,1335,21119
5,427,1956,4107,2100,2190,1346,21520
5,429,1970,4129,2123,2205,1375,21965
5,431,1986,4163,2181,2256,1411,22378
5,433,1995,4174,2191,2259,1420,22803
5,436,2009,4184,2203,2286,1440,23237
5,441,2069,4242,2249,2346,1468,23672
5,444,2086,4252,2270,2383,1476,24092
5,450,2112,4296,2311,2425,1512,24537
5,452,2119,4307,2318,2433,1525,24944
5,452,2121,4316,2329,2441,1538,25352
5,454,2138,4341,2353,2488,1572,25756
5,471,2243,4536,2469,2534,1604,26069
5,478,2269,4583,2621,2540,1610,26081
5,489,2323,4672,2817,2545,1613,26092
5,497,2343,4711,2954,2549,1618,26109
5,503,2364,4747,3099,2552,1618,26127
5,514,2436,4843,3306,2559,1623,26175
0,23,92,315,12,11,18,48
0,87,327,1232,70,46,38,106
0,268,880,2786,204,119,115,220
0,538,2281,5382,415,248,268,454
0,771,3081,6827,695,512,534,836
0,851,3337,8282,738,540,583,955
0,942,3670,10173,766,568,615,1013
0,988,3771,10847,782,576,623,1038
0,1257,4018,11437,809,587,640,1083
1,1302,4118,11788,823,593,651,1099
1,1352,4179,12039,836,600,656,1104
1,1370,4219,12237,844,605,666,1130
1,1498,4370,12632,858,614,680,1142
1,1551,4458,13015,868,623,691,1156
1,1555,4484,13068,870,630,695,1177
1,1563,4513,13269,877,638,703,1194
1,1688,4664,13617,887,649,716,1201
2,1725,4735,13994,901,659,727,1228
2,1759,4778,14249,909,674,741,1245
2,1773,4819,14471,910,676,745,1266
2,1888,4954,14769,920,685,753,1280
3,1938,5095,15131,938,689,772,1317
3,1947,5131,15239,943,696,776,1339
3,1963,5172,15417,946,702,782,1362
3,2066,5301,15880,952,714,792,1370
3,2139,5402,16109,960,751,841,1450
3,2145,5430,16196,962,761,849,1476
3,2158,5471,16411,973,768,861,1484
3,2276,5638,16836,987,782,878,1512
3,2493,5841,17392,1009,786,894,1556
3,2562,5980,17679,1019,799,898,1579
3,2655,6084,17964,1025,804,907,1587
3,2687,6167,18326,1040,822,921,1603
3,2737,6245,18727,1046,828,937,1641
3,2769,6327,19178,1054,841,952,1683
3,2878,6455,19580,1067,848,953,1688
3,2894,6489,19762,1071,856,958,1689
3,2936,6568,20116,1090,867,976,1721
3,2957,6607,20339,1099,874,993,1729
3,3099,6722,20682,1110,877,997,1741
3,3126,6773,20919,1123,885,1011,1751
3,3138,6797,21125,1127,887,1016,1758
3,3146,6844,21353,1133,894,1029,1779
3,3157,6882,21520,1141,902,1032,1795
6,3298,7023,21972,1151,909,1042,1803
6,3322,7107,22266,1161,915,1059,1840
6,3333,7168,22480,1167,927,1071,1877
6,3352,7213,22697,1174,932,1079,1897
6,3471,7331,22963,1184,939,1086,1900
7,3498,7387,23271,1193,945,1093,1914
7,3518,7446,23587,1205,954,1116,1935
7,3522,7490,23670,1210,967,1119,1966
7,3527,7524,23767,1215,971,1122,1988
7,3533,7550,23911,1220,971,1127,2014
7,3559,7611,24162,1232,984,1135,2046
7,3567,7638,24255,1238,986,1136,2066
7,3578,7675,24465,1246,989,1142,2084
7,3886,7918,25079,1264,1002,1167,2112
7,3941,7998,25445,1275,1011,1182,2151
7,3944,8014,25517,1278,1017,1185,2170
7,3956,8054,25718,1282,1023,1197,2188
7,4120,8212,26170,1300,1032,1216,2203
7,4133,8291,26474,1309,1045,1234,2244
7,4150,8331,26755,1314,1053,1236,2255
7,4255,8472,27104,1328,1063,1244,2260
7,4272,8501,27267,1334,1067,1249,2267
7,4293,8571,27598,1348,1076,1266,2306
7,4399,8703,27991,1360,1082,1287,2328
7,4416,8729,28187,1369,1089,1295,2333
7,4449,8800,28383,1377,1104,1313,2343
7,4457,8828,28571,1381,1111,1319,2363
7,4475,8886,28806,1390,1114,1331,2391
7,4600,9049,29138,1405,1125,1340,2399
7,4617,9075,29342,1418,1127,1345,2405
7,4654,9139,29620,1439,1139,1358,2425
7,4671,9213,29959,1448,1144,1367,2457
8,4774,9320,30238,1466,1152,1368,2459
8,4808,9368,30503,1472,1157,1376,2465
8,4817,9409,30701,1478,1160,1384,2497
8,4838,9475,31040,1490,1166,1396,2522
8,4947,9598,31414,1501,1174,1405,2526
8,4980,9636,31623,1507,1178,1413,2538
10,5014,9708,31860,1522,1183,1428,2568
11,5114,9847,32212,1530,1186,1444,2590
11,5136,9902,32507,1539,1196,1454,2601
11,5146,9932,32601,1539,1198,1455,2621
11,5164,10014,32951,1550,1205,1465,2643
12,5284,10165,33432,1566,1212,1483,2675
12,5306,10229,33662,1577,1223,1498,2704
12,5316,10280,33802,1583,1232,1511,2731
12,5417,10383,34078,1595,1239,1519,2748
12,5448,10445,34352,1608,1247,1527,2778
12,5474,10531,34745,1621,1258,1542,2810
12,5486,10581,34977,1627,1270,1553,2839
12,5619,10696,35305,1648,1278,1559,2845
15,5661,10773,35701,1666,1281,1578,2886
15,5673,10815,35920,1677,1288,1587,2920
15,5682,10862,36130,1688,1299,1593,2939
0,4,51,161,11,9,12,27
0,6,76,240,20,11,12,50
0,11,94,409,26,14,14,60
0,27,137,619,34,20,19,81
0,29,210,797,188,31,26,123
0,35,240,860,349,38,30,182
0,38,263,910,484,45,31,201
0,42,301,981,706,48,32,253
0,64,488,1170,996,60,36,367
0,71,549,1271,1180,70,42,443
0,73,562,1299,1279,85,45,489
0,73,575,1341,1364,123,51,567
0,74,584,1376,1460,125,53,620
0,74,618,1424,1576,136,57,675
0,88,767,1679,1900,154,64,719
0,92,803,1774,2161,161,71,747
0,98,844,1877,2371,167,71,811
0,106,953,2032,2605,176,73,861
0,112,985,2079,2712,194,73,901
0,117,1018,2127,2888,251,79,967
0,120,1057,2217,3036,270,83,1041
0,124,1080,2270,3131,276,84,1107
0,130,1175,2483,3499,287,88,1145
0,133,1203,2542,3653,324,92,1236
0,136,1233,2591,3808,328,93,1304
0,139,1276,2651,3937,334,97,1381
0,177,1344,2740,4168,344,99,1427
0,187,1386,2825,4355,349,100,1479
0,194,1434,2880,4567,354,103,1566
0,201,1458,2958,4687,364,105,1625
0,214,1578,3143,5019,374,108,1670
0,217,1604,3183,5146,407,111,1725
0,219,1625,3232,5268,438,115,1799
0,229,1673,3293,5417,453,120,1872
0,250,1828,3470,5684,474,123,1949
0,252,1845,3496,5766,500,124,2017
0,253,1889,3553,5942,507,124,2064
0,264,2020,3757,6266,522,131,2178
0,267,2055,3846,6449,528,139,2191
0,271,2084,3887,6612,538,145,2226
0,277,2165,3986,6868,547,147,2278
0,279,2238,4080,7052,554,150,2361
0,283,2268,4127,7170,559,154,2447
0,284,2290,4168,7261,561,157,2484
0,314,2432,4383,7520,564,162,2539
0,326,2481,4498,7726,582,165,2626
0,328,2507,4559,7943,596,167,2647
0,334,2600,4703,8220,603,173,2651
0,337,2652,4768,8444,616,182,2685
0,342,2709,4850,8588,624,187,2757
0,350,2831,5003,8762,632,188,2812
0,351,2873,5099,8902,640,192,2883
0,351,2906,5151,9046,645,194,2966
0,351,2934,5224,9146,647,197,3023
0,355,2973,5315,9317,655,200,3072
0,362,3091,5522,9599,664,203,3122
0,368,3119,5570,9725,668,205,3160
0,370,3133,5624,9842,692,209,3203
0,376,3189,5732,10020,706,215,3313
0,407,3358,5875,10190,714,216,3337
0,409,3394,5944,10313,722,223,3401
0,411,3442,6020,10514,731,227,3460
0,422,3532,6183,10932,743,234,3539
0,433,3658,6282,11168,791,295,3566
0,448,3709,6352,11322,850,320,3674
0,451,3748,6429,11460,857,323,3719
0,487,3910,6593,11762,871,328,3808
0,490,3947,6642,11883,893,329,3870
0,492,3982,6708,11989,900,333,3934
0,511,4099,6856,12218,911,337,3989
0,515,4151,6942,12434,919,339,4008
0,517,4164,6962,12512,925,342,4020
0,522,4188,7011,12683,937,346,4059
0,527,4291,7148,12944,949,347,4092
0,533,4343,7225,13149,965,354,4149
0,534,4366,7267,13270,973,355,4205
0,536,4393,7303,13383,976,358,4239
0,543,4519,7473,13578,990,360,4282
0,550,4562,7563,13809,1000,367,4334
0,554,4603,7658,14084,1013,374,4386
0,560,4726,7818,14354,1033,378,4445
0,560,4769,7891,14493,1053,383,4504
0,564,4821,7962,14620,1075,385,4570
0,582,4920,8112,14862,1088,387,4654
0,587,4949,8165,14953,1100,389,4707
0,591,4990,8219,15103,1107,389,4770
0,594,5015,8276,15269,1114,394,4800
0,603,5099,8422,15635,1130,405,4827
0,606,5132,8510,15785,1138,408,4880
0,608,5167,8566,15905,1143,409,4942
0,614,5215,8644,16038,1152,410,4993
0,640,5349,8816,16350,1162,415,5069
0,643,5392,8869,16453,1166,416,5112
0,647,5441,8925,16558,1168,418,5194
0,658,5514,9064,16806,1180,418,5237
0,667,5583,9175,17013,1191,423,5296
0,674,5632,9291,17258,1234,426,5378
0,677,5667,9371,17365,1252,429,5435
0,712,5737,9465,17570,1272,435,5485
0,716,5784,9528,17783,1283,439,5547
0,723,5824,9605,17914,1292,441,5640
0,731,5887,9705,18059,1304,443,5702
0,741,5960,9837,18347,1316,447,5734
0,747,6006,9923,18582,1329,454,5762
0,752,6034,9994,18803,1335,455,5826
0,798,6142,10179,19060,1351,462,5853
0,818,6204,10378,19513,1372,471,5880
0,833,6340,10645,19886,1420,492,5984
0,844,6419,10782,20203,1458,513,6059
0,852,6528,10891,20493,1498,565,6102
0,855,6573,10976,20791,1510,571,6152
0,858,6665,11193,21564,1528,579,6207
0,873,6830,11456,22127,1561,597,6259
