PID,Command,Kmem Count,Vmem Count,Slab Count
3711,code,0,500,0
3707,cpptools,0,500,126
3625,cpptools,500,17,345
4087,cpptools-srv,27,500,379
3510,code,75,76,500
3867,cpptools-srv,500,63,341
3459,Compositor,60,500,244
4084,scx_spy,500,13,126
3219,htop,125,0,500
4089,code,10,138,500
3868,cpptools-srv,3,379,500
3430,code,87,500,90
3435,Chrome_ChildIOT,500,60,242
3436,ThreadPoolForeg,0,500,0
3493,VizCompositorTh,500,0,124
3172,kworker/u512:9,414,45,500
4084,scx_spy,500,0,0
3434,ThreadPoolForeg,0,500,0
3459,Compositor,21,500,28
3493,VizCompositorTh,500,0,110
2114,gnome-shell,500,136,109
404,kworker/u512:25,500,62,139
2690,Xwayland,500,0,227
2168,KMS thread,500,0,0
4084,scx_spy,0,500,0
3219,htop,125,0,500
4084,scx_spy,0,500,0
2114,gnome-shell,30,500,9
3430,code,4,500,15
4084,scx_spy,500,0,0
3219,htop,125,0,500
4084,scx_spy,500,0,37
4084,scx_spy,500,0,0
3219,htop,125,0,500
3430,code,0,500,10
4084,scx_spy,500,0,37
1269,vmtoolsd,193,12,500
3219,htop,125,0,500
4084,scx_spy,500,1,124
4084,scx_spy,500,0,0
3219,htop,125,0,500
3430,code,2,500,18
4084,scx_spy,500,0,37
3219,htop,125,0,500
3430,code,2,500,58
4084,scx_spy,500,1,125
3434,ThreadPoolForeg,0,500,20
4084,scx_spy,500,0,0
3430,code,7,500,41
3219,htop,125,0,500
4084,scx_spy,500,0,37
3430,code,0,500,10
3219,htop,125,0,500
4084,scx_spy,500,1,127
4084,scx_spy,500,0,0
4084,scx_spy,500,0,37
3219,htop,125,0,500
3430,code,0,500,11
4084,scx_spy,500,0,0
3430,code,0,500,15
3219,htop,125,0,500
4084,scx_spy,500,0,37
4084,scx_spy,500,0,0
3219,htop,125,0,500
4084,scx_spy,500,0,37
3430,code,0,500,10
4084,scx_spy,500,0,0
3219,htop,125,0,500
4084,scx_spy,500,0,0
4084,scx_spy,500,0,0
3219,htop,125,0,500
4084,scx_spy,500,0,37
3430,code,0,500,10
3219,htop,125,0,500
4084,scx_spy,500,1,124
4084,scx_spy,500,0,0
4084,scx_spy,500,0,37
3219,htop,125,0,500
4084,scx_spy,500,1,127
4084,scx_spy,500,0,0
3219,htop,125,0,500
4084,scx_spy,500,0,0
4084,scx_spy,500,0,37
3219,htop,125,0,500
4084,scx_spy,500,1,124
3219,htop,125,0,500
1269,vmtoolsd,194,12,500
4084,scx_spy,500,0,0
4084,scx_spy,500,0,37
3219,htop,125,0,500
4084,scx_spy,500,1,127
4084,scx_spy,500,0,0
4092,systemd,14,57,500
504,systemd-journal,299,12,500
3219,htop,125,0,500
4084,scx_spy,500,0,37
3219,htop,125,0,500
4084,scx_spy,500,0,107
4084,scx_spy,500,0,0
3219,htop,125,0,500
4084,scx_spy,500,0,37
4101,scx_spy,500,211,24
3219,htop,125,0,500
4101,scx_spy,0,500,0
3172,kworker/u512:9,30,500,0
579,systemd-udevd,274,0,500
4101,scx_spy,500,0,0
3219,htop,125,0,500
4101,scx_spy,3,500,17
4101,scx_spy,500,0,37
3219,htop,125,0,500
579,systemd-udevd,1,2,500
4101,scx_spy,500,0,0
3219,htop,125,0,500
3436,ThreadPoolForeg,0,500,0
3434,ThreadPoolForeg,0,500,0
4101,scx_spy,500,0,37
4101,scx_spy,500,1,128
3219,htop,125,0,500
4101,scx_spy,500,0,0
1269,vmtoolsd,193,12,500
3219,htop,125,0,500
4101,scx_spy,500,2,148
4101,scx_spy,500,0,0
3219,htop,125,0,500
4101,scx_spy,500,0,123
4101,scx_spy,500,0,0
4101,scx_spy,500,0,37
3219,htop,125,0,500
4101,scx_spy,500,1,129
3219,htop,125,0,500
4101,scx_spy,500,0,0
4101,scx_spy,500,0,37
3219,htop,125,0,500
4101,scx_spy,500,1,112
4101,scx_spy,500,0,0
3219,htop,125,0,500
4101,scx_spy,500,0,37
3219,htop,125,0,500
4101,scx_spy,500,1,128
4101,scx_spy,500,0,0
4101,scx_spy,500,0,37
3219,htop,125,0,500
4101,scx_spy,500,1,127
3219,htop,125,0,500
4101,scx_spy,500,0,0
4101,scx_spy,500,0,127
3219,htop,125,0,500
4101,scx_spy,500,0,0
2114,gnome-shell,500,118,82
4101,scx_spy,500,0,37
3219,htop,125,0,500
4101,scx_spy,500,1,129
4101,scx_spy,500,0,0
3219,htop,125,0,500
4101,scx_spy,500,0,37
4101,scx_spy,500,0,0
3219,htop,125,0,500
4101,scx_spy,500,0,37
3219,htop,125,0,500
4101,scx_spy,500,1,133
4101,scx_spy,500,0,0
1269,vmtoolsd,193,12,500
4101,scx_spy,500,0,37
3219,htop,125,0,500
4101,scx_spy,500,2,134
4101,scx_spy,500,0,0
3219,htop,125,0,500
4101,scx_spy,500,0,126
4101,scx_spy,500,0,0
3219,htop,125,0,500
4101,scx_spy,500,0,37
3219,htop,125,0,500
4101,scx_spy,500,1,137
4101,scx_spy,500,0,0
3219,htop,125,0,500
4101,scx_spy,500,0,37
3219,htop,125,0,500
4101,scx_spy,500,1,130
4101,scx_spy,500,0,0
2114,gnome-shell,500,171,164
4101,scx_spy,500,0,37
4107,systemd,14,60,500
3219,htop,125,0,500
1,systemd,432,5,500
3306,kworker/u512:1,500,15,8
4113,systemd,14,58,500
4101,scx_spy,500,0,0
2114,gnome-shell,500,118,76
4113,systemd,32,8,500
1359,dbus-daemon,500,0,365
4119,pool-fwupd,500,26,215
4101,scx_spy,500,0,0
4119,pool-fwupd,500,26,200
1359,dbus-daemon,500,0,255
4112,pool-spawner,32,500,280
1,systemd,22,16,500
3219,htop,125,1,500
2114,gnome-shell,500,179,69
