PID,Name,Total Percent,Kernel Percent,User Percent
3963,scx_spy,187.000000,0.000000,0.000000
3219,htop,327.000000,0.000000,0.000000
4084,scx_spy,0.000000,0.000000,0.000000
4084,scx_spy,140.000000,1.000000,0.000000
4087,cpptools-srv,730.000000,1.000000,0.000000
4088,cpptools-srv,80.000000,0.000000,0.000000
3219,htop,184.000000,0.000000,0.000000
4084,scx_spy,86.000000,1.000000,0.000000
2114,gnome-shell,0.000000,0.000000,0.000000
3493,VizCompositorTh,121.000000,0.000000,0.000000
4084,scx_spy,0.000000,0.000000,0.000000
4084,scx_spy,0.000000,0.000000,0.000000
3219,htop,142.000000,0.000000,0.000000
4084,scx_spy,87.000000,0.000000,0.000000
3219,htop,190.000000,0.000000,0.000000
4084,scx_spy,190.000000,0.000000,0.000000
4084,scx_spy,193.000000,0.000000,0.000000
3219,htop,140.000000,0.000000,0.000000
4084,scx_spy,196.000000,0.000000,0.000000
3219,htop,152.000000,0.000000,0.000000
4084,scx_spy,190.000000,0.000000,0.000000
3219,htop,180.000000,0.000000,0.000000
4084,scx_spy,182.000000,0.000000,0.000000
3219,htop,200.000000,0.000000,0.000000
4084,scx_spy,182.000000,0.000000,0.000000
3219,htop,183.000000,0.000000,0.000000
4084,scx_spy,152.000000,0.000000,0.000000
3219,htop,147.000000,0.000000,0.000000
4084,scx_spy,153.000000,0.000000,0.000000
3219,htop,84.000000,1.000000,0.000000
4084,scx_spy,153.000000,1.000000,0.000000
3219,htop,85.000000,0.000000,0.000000
4084,scx_spy,79.000000,0.000000,0.000000
3219,htop,190.000000,0.000000,0.000000
4084,scx_spy,196.000000,0.000000,0.000000
4084,scx_spy,186.000000,0.000000,0.000000
3219,htop,184.000000,0.000000,0.000000
4084,scx_spy,191.000000,0.000000,0.000000
4084,scx_spy,198.000000,0.000000,0.000000
3219,htop,190.000000,0.000000,0.000000
4084,scx_spy,184.000000,0.000000,0.000000
3219,htop,190.000000,0.000000,0.000000
4084,scx_spy,192.000000,1.000000,0.000000
4084,scx_spy,88.000000,0.000000,0.000000
3219,htop,154.000000,0.000000,0.000000
4084,scx_spy,184.000000,0.000000,0.000000
4084,scx_spy,182.000000,0.000000,0.000000
4084,scx_spy,143.000000,0.000000,0.000000
3219,htop,140.000000,1.000000,0.000000
4084,scx_spy,190.000000,0.000000,0.000000
3219,htop,191.000000,0.000000,0.000000
4084,scx_spy,87.000000,0.000000,0.000000
3219,htop,180.000000,0.000000,0.000000
4084,scx_spy,190.000000,0.000000,0.000000
4084,scx_spy,191.000000,1.000000,0.000000
3219,htop,89.000000,0.000000,0.000000
4084,scx_spy,89.000000,0.000000,0.000000
3219,htop,195.000000,0.000000,0.000000
4084,scx_spy,142.000000,0.000000,0.000000
4101,scx_spy,180.000000,0.000000,0.000000
4101,scx_spy,205.000000,1.000000,0.000000
3219,htop,329.000000,0.000000,0.000000
4101,scx_spy,200.000000,1.000000,0.000000
4101,scx_spy,188.000000,0.000000,0.000000
3219,htop,0.000000,0.000000,0.000000
4101,scx_spy,142.000000,0.000000,1.000000
4101,scx_spy,195.000000,0.000000,0.000000
3219,htop,156.000000,0.000000,0.000000
4101,scx_spy,124.000000,0.000000,0.000000
3219,htop,146.000000,0.000000,0.000000
4101,scx_spy,199.000000,0.000000,0.000000
4101,scx_spy,151.000000,0.000000,0.000000
3219,htop,138.000000,0.000000,0.000000
4101,scx_spy,125.000000,1.000000,0.000000
3219,htop,181.000000,0.000000,0.000000
4101,scx_spy,188.000000,0.000000,0.000000
4101,scx_spy,188.000000,0.000000,0.000000
4101,scx_spy,150.000000,0.000000,0.000000
4101,scx_spy,187.000000,0.000000,0.000000
3219,htop,187.000000,0.000000,0.000000
4101,scx_spy,187.000000,0.000000,0.000000
3219,htop,81.000000,0.000000,0.000000
4101,scx_spy,187.000000,0.000000,0.000000
3219,htop,185.000000,0.000000,0.000000
4101,scx_spy,186.000000,0.000000,0.000000
3219,htop,195.000000,1.000000,0.000000
4101,scx_spy,75.000000,0.000000,0.000000
3219,htop,137.000000,0.000000,0.000000
4101,scx_spy,188.000000,0.000000,0.000000
4101,scx_spy,185.000000,0.000000,0.000000
3219,htop,86.000000,0.000000,0.000000
4101,scx_spy,135.000000,0.000000,0.000000
4101,scx_spy,0.000000,0.000000,0.000000
3219,htop,185.000000,0.000000,0.000000
4101,scx_spy,188.000000,0.000000,0.000000
4101,scx_spy,0.000000,0.000000,0.000000
3219,htop,146.000000,0.000000,0.000000
4101,scx_spy,75.000000,0.000000,0.000000
3219,htop,182.000000,0.000000,0.000000
4101,scx_spy,124.000000,0.000000,0.000000
3219,htop,182.000000,0.000000,0.000000
4101,scx_spy,200.000000,0.000000,0.000000
3219,htop,0.000000,1.000000,0.000000
4101,scx_spy,0.000000,0.000000,0.000000
3219,htop,145.000000,0.000000,0.000000
4101,scx_spy,185.000000,0.000000,0.000000
4101,scx_spy,186.000000,0.000000,0.000000
3219,htop,146.000000,0.000000,0.000000
4101,scx_spy,187.000000,0.000000,0.000000
4101,scx_spy,188.000000,0.000000,0.000000
3219,htop,207.000000,0.000000,0.000000
4101,scx_spy,187.000000,0.000000,0.000000
3219,htop,146.000000,0.000000,0.000000
4101,scx_spy,125.000000,0.000000,0.000000
3219,htop,203.000000,0.000000,0.000000
4101,scx_spy,0.000000,0.000000,0.000000
3219,htop,137.000000,0.000000,0.000000
4101,scx_spy,141.000000,0.000000,0.000000
3219,htop,182.000000,0.000000,0.000000
4101,scx_spy,70.000000,0.000000,0.000000
4101,scx_spy,70.000000,1.000000,0.000000
3219,htop,181.000000,0.000000,0.000000
4113,systemd,120.000000,0.000000,0.000000
4101,scx_spy,141.000000,0.000000,0.000000
4101,scx_spy,197.000000,0.000000,0.000000
4101,scx_spy,184.000000,0.000000,0.000000
3219,htop,142.000000,0.000000,0.000000
