1ms,4ms,16ms,32ms,64ms,128ms,256ms,256ms+
0,0,0,0,0,0,0,0
0,0,0,0,0,0,0,0
0,0,0,0,0,0,0,0
0,0,0,0,0,0,0,0
0,0,0,0,0,0,0,0
0,0,0,0,0,0,0,0
0,0,0,0,0,0,3,0
0,0,0,0,0,0,7,0
0,0,0,0,0,0,8,0
0,0,0,0,0,0,8,0
0,0,0,0,0,0,8,0
0,0,0,0,0,1,14,0
0,0,0,0,0,3,14,0
0,0,0,0,0,3,14,0
0,0,0,0,0,3,14,0
0,0,0,0,0,3,14,0
0,0,0,0,0,3,14,0
0,0,0,0,0,3,14,0
0,0,0,0,0,3,14,0
0,0,0,0,0,4,14,0
0,0,0,0,0,4,14,0
0,0,0,0,0,4,14,0
0,0,0,0,0,4,14,0
0,0,0,0,0,4,14,0
0,0,0,0,0,4,14,0
0,0,0,0,0,4,14,0
0,0,0,0,0,4,14,0
0,0,0,0,0,4,14,0
0,0,0,3,0,15,14,0
0,0,0,3,0,18,14,0
0,0,0,0,0,0,0,0
0,0,0,0,0,0,0,0
0,0,0,0,0,0,0,0
0,0,0,0,0,0,0,0
0,0,0,0,0,0,0,0
0,0,0,0,0,0,0,0
0,0,0,0,0,0,3,0
0,0,0,0,0,3,6,0
0,0,0,0,0,3,6,0
0,0,0,0,0,3,6,0
0,0,0,0,0,3,6,0
0,0,0,0,0,3,6,0
0,0,0,0,0,3,6,0
0,0,0,0,0,3,6,0
0,0,0,0,0,3,6,0
0,0,0,0,0,3,6,0
0,0,0,0,0,3,6,0
0,0,0,0,0,3,6,0
0,0,0,0,0,3,6,0
0,0,0,0,0,3,6,0
0,0,0,0,0,3,6,0
0,0,0,0,0,3,6,0
0,0,0,0,0,3,6,0
0,0,0,0,0,3,6,0
0,0,0,0,0,3,6,0
0,0,0,0,0,3,6,0
0,0,0,0,0,3,6,0
0,0,0,0,0,3,6,0
0,0,0,0,0,3,6,0
0,0,0,0,0,3,6,0
0,0,0,0,0,3,6,0
0,0,0,0,0,3,6,0
0,0,0,0,0,3,6,0
0,0,0,0,0,3,6,0
0,0,0,0,0,3,6,0
0,0,0,0,0,3,6,0
0,0,0,0,0,3,6,0
0,0,0,0,0,3,6,0
0,0,0,0,0,3,6,0
0,0,0,0,0,3,6,0
0,0,0,0,0,3,6,0
0,0,0,0,0,3,6,0
0,0,0,0,0,3,6,0
0,0,0,0,0,3,6,0
0,0,0,0,0,3,6,0
0,0,0,0,0,3,6,0
0,0,0,0,0,3,6,0
0,0,0,0,0,3,6,0
0,0,0,0,0,3,6,0
0,0,0,0,0,3,6,0
0,0,0,0,0,3,6,0
0,0,0,0,0,3,6,0
0,0,0,0,0,3,6,0
0,0,0,0,0,3,6,0
0,0,0,0,0,3,6,0
0,0,0,0,0,3,6,0
0,0,0,0,0,3,6,0
0,0,0,0,0,3,6,0
0,0,0,0,0,3,6,0
0,0,0,0,0,3,6,0
0,0,0,0,0,3,6,0
0,0,0,0,0,3,6,0
0,0,0,0,0,3,6,0
0,0,0,0,0,3,6,0
0,0,0,0,0,3,6,0
0,0,0,0,0,3,6,0
0,0,0,0,0,3,6,0
0,0,0,0,0,3,6,0
0,0,0,0,0,3,6,0
0,0,0,0,0,3,6,0
0,0,0,0,0,3,6,0
0,0,0,0,0,3,6,0
0,0,0,0,0,3,6,0
0,0,0,0,0,3,6,0
0,0,0,0,0,3,6,0
0,0,0,0,0,3,6,0
0,0,0,0,0,3,6,0
0,0,0,0,0,3,6,0
0,0,0,0,0,3,6,0
0,0,0,0,0,3,6,0
0,0,0,0,0,3,6,0
0,0,0,0,0,3,6,0
0,0,0,0,0,3,6,0
0,0,0,0,0,3,6,0
0,0,0,0,0,3,6,0
0,0,0,0,0,3,6,0
0,0,0,0,0,3,8,0
0,0,0,0,0,3,8,0
0,0,0,0,0,3,8,0
0,0,0,0,0,3,8,0
0,0,0,0,0,3,8,0
0,0,0,0,0,3,8,0
0,0,0,0,0,3,8,0
0,0,0,0,0,3,8,0
0,0,0,0,0,3,8,0
0,0,0,0,0,3,8,0
0,0,0,0,0,3,8,0
0,0,0,0,0,0,0,0
0,0,0,0,0,0,0,0
0,0,0,0,0,0,0,0
0,0,0,0,0,0,0,0
0,0,0,0,0,0,0,0
0,0,0,0,0,0,0,0
0,0,0,0,0,0,0,0
0,0,0,0,0,0,0,0
0,0,0,0,0,0,0,0
0,0,0,0,0,0,0,0
0,0,0,0,0,0,0,0
0,0,0,0,0,0,0,0
0,0,0,0,0,0,0,0
0,0,0,0,0,0,0,0
0,0,0,0,0,0,0,0
0,0,0,0,0,0,0,0
0,0,0,0,0,0,0,0
0,0,0,0,0,0,0,0
0,0,0,0,0,0,0,0
0,0,0,0,0,0,0,0
0,0,0,0,0,0,0,0
0,0,0,0,0,0,0,0
0,0,0,0,0,0,0,0
0,0,0,0,0,0,0,0
0,0,0,0,0,0,0,0
0,0,0,0,0,0,0,0
0,0,0,0,0,0,0,0
0,0,0,0,0,0,0,0
0,0,0,0,0,0,0,0
0,0,0,0,1,0,0,0
0,0,0,0,1,0,0,0
0,0,0,0,1,0,0,0
0,0,0,0,1,0,0,0
0,0,0,0,1,0,0,0
0,0,0,0,1,0,0,0
0,0,0,0,1,0,0,0
0,0,0,0,1,0,0,0
0,0,0,0,1,0,0,0
0,0,0,0,1,0,0,0
0,0,0,0,1,0,0,0
0,0,0,0,1,0,0,0
0,0,0,0,1,0,0,0
0,0,0,0,1,0,0,0
0,0,0,0,1,0,0,0
0,0,0,0,1,0,0,0
0,0,0,0,1,0,0,0
0,0,0,0,1,0,0,0
0,0,0,0,1,0,0,0
0,0,0,0,1,0,0,0
0,0,0,0,1,0,0,0
0,0,0,0,1,0,0,0
0,0,0,0,1,0,0,0
0,0,0,0,1,0,0,0
0,0,0,0,1,0,0,0
0,0,0,0,1,0,0,0
0,0,0,0,1,0,0,0
0,0,0,0,1,0,0,0
0,0,0,0,1,0,0,0
0,0,0,0,1,0,0,0
0,0,0,0,1,0,0,0
0,0,0,0,1,0,0,0
0,0,0,0,1,0,0,0
0,0,0,0,1,0,0,0
0,0,0,0,1,0,0,0
0,0,0,0,1,0,0,0
0,0,0,0,1,0,0,0
0,0,0,0,1,0,0,0
0,0,0,0,1,0,0,0
0,0,0,0,1,0,0,0
0,0,0,0,1,0,0,0
0,0,0,0,1,0,0,0
0,0,0,0,1,0,0,0
0,0,0,0,1,0,0,0
0,0,0,0,1,0,0,0
0,0,0,0,1,0,0,0
0,0,0,0,1,0,0,0
0,0,0,0,1,0,0,0
0,0,0,0,1,0,0,0
0,0,0,0,1,0,0,0
0,0,0,0,1,0,0,0
0,0,0,0,1,0,0,0
0,0,0,0,1,0,0,0
0,0,0,0,1,0,0,0
0,0,0,0,1,0,0,0
0,0,0,0,1,0,0,0
0,0,0,0,1,0,0,0
0,0,0,0,1,0,0,0
0,0,0,0,1,0,0,0
0,0,0,0,1,0,0,0
0,0,0,0,1,0,0,0
0,0,0,0,1,0,0,0
0,0,0,0,1,0,0,0
0,0,0,0,1,0,0,0
0,0,0,0,1,0,0,0
0,0,0,0,1,0,0,0
0,0,0,0,1,0,0,0
0,0,0,0,1,0,0,0
0,0,0,0,1,0,0,0
0,0,0,0,1,0,0,0
0,0,0,0,1,0,0,0
0,0,0,0,1,0,0,0
0,0,0,0,1,0,0,0
0,0,0,0,1,0,0,0
0,0,0,0,1,0,0,0
0,0,0,0,1,0,0,0
