1ms,4ms,16ms,32ms,64ms,128ms,256ms,256ms+
4,4,45,6,4,0,0,0
4,4,46,12,4,0,0,0
4,4,46,21,5,0,0,0
4,4,49,31,5,0,0,0
4,4,73,35,5,0,1,0
4,23,103,35,5,0,9,0
4,23,113,35,5,0,9,0
4,54,149,35,5,0,9,0
4,104,183,36,5,0,9,0
4,121,195,36,5,0,9,0
8,169,377,36,5,0,9,0
8,207,399,110,5,0,14,0
8,218,456,110,5,0,34,0
8,224,547,110,5,0,46,0
8,224,555,111,5,0,69,0
8,224,555,119,5,0,71,0
14,238,594,124,5,0,71,0
14,397,829,184,5,0,75,0
14,459,1473,195,24,0,76,0
16,580,1959,215,24,0,76,0
22,668,2454,215,24,0,76,0
22,711,2524,215,24,0,76,0
22,787,2924,215,24,0,76,0
22,805,2993,215,24,0,76,0
22,854,3295,215,24,0,76,0
28,869,3415,220,24,0,76,0
33,879,3499,220,24,0,76,0
33,887,3511,220,24,0,84,0
33,887,3538,220,24,0,93,0
33,887,3552,220,24,0,99,0
37,890,3566,220,24,0,99,0
4,4,4,0,0,0,0,0
4,4,5,0,0,0,0,0
4,4,15,0,0,0,0,0
4,4,24,0,0,0,0,0
4,4,32,0,0,0,0,0
4,5,36,0,0,0,0,0
4,6,41,0,0,0,0,0
4,6,44,0,0,0,0,0
4,6,46,2,0,0,0,0
4,6,48,3,0,0,0,0
